11          -256.486          -50.292          -39.116          -27.94          -16.764          -5.588          5.588          16.764          27.94          39.116          50.292          
18          -246.807          -89.408          -78.232          -67.056          -55.88          -44.704          -33.528          -22.352          -11.176          0          11.176          22.352          33.528          44.704          55.88          67.056          78.232          89.408          
21          -237.128          -106.172          -94.996          -83.82          -72.644          -61.468          -50.292          -39.116          -27.94          -16.764          -5.588          5.588          16.764          27.94          39.116          50.292          61.468          72.644          83.82          94.996          106.172          
22          -227.449          -111.76          -100.584          -89.408          -78.232          -67.056          -55.88          -44.704          -33.528          -22.352          -11.176          0          11.176          22.352          33.528          44.704          55.88          67.056          78.232          89.408          100.584          111.76          
23          -217.771          -117.348          -106.172          -94.996          -83.82          -72.644          -61.468          -50.292          -39.116          -27.94          -16.764          -5.588          5.588          16.764          27.94          39.116          50.292          61.468          72.644          83.82          94.996          106.172          117.348          
30          -208.092          -156.464          -145.288          -134.112          -122.936          -111.76          -100.584          -89.408          -78.232          -67.056          -55.88          -44.704          -33.528          -22.352          -11.176          0          11.176          22.352          33.528          44.704          55.88          67.056          78.232          89.408          100.584          111.76          122.936          134.112          145.288          156.464          
33          -198.413          -173.228          -162.052          -150.876          -139.7          -128.524          -117.348          -106.172          -94.996          -83.82          -72.644          -61.468          -50.292          -39.116          -27.94          -16.764          -5.588          5.588          16.764          27.94          39.116          50.292          61.468          72.644          83.82          94.996          106.172          117.348          128.524          139.7          150.876          162.052          173.228          
34          -188.735          -178.816          -167.64          -156.464          -145.288          -134.112          -122.936          -111.76          -100.584          -89.408          -78.232          -67.056          -55.88          -44.704          -33.528          -22.352          -11.176          0          11.176          22.352          33.528          44.704          55.88          67.056          78.232          89.408          100.584          111.76          122.936          134.112          145.288          156.464          167.64          178.816          
35          -179.056          -184.404          -173.228          -162.052          -150.876          -139.7          -128.524          -117.348          -106.172          -94.996          -83.82          -72.644          -61.468          -50.292          -39.116          -27.94          -16.764          -5.588          5.588          16.764          27.94          39.116          50.292          61.468          72.644          83.82          94.996          106.172          117.348          128.524          139.7          150.876          162.052          173.228          184.404          
38          -169.377          -201.168          -189.992          -178.816          -167.64          -156.464          -145.288          -134.112          -122.936          -111.76          -100.584          -89.408          -78.232          -67.056          -55.88          -44.704          -33.528          -22.352          -11.176          0          11.176          22.352          33.528          44.704          55.88          67.056          78.232          89.408          100.584          111.76          122.936          134.112          145.288          156.464          167.64          178.816          189.992          201.168          
39          -159.699          -206.756          -195.58          -184.404          -173.228          -162.052          -150.876          -139.7          -128.524          -117.348          -106.172          -94.996          -83.82          -72.644          -61.468          -50.292          -39.116          -27.94          -16.764          -5.588          5.588          16.764          27.94          39.116          50.292          61.468          72.644          83.82          94.996          106.172          117.348          128.524          139.7          150.876          162.052          173.228          184.404          195.58          206.756          
38          -150.02          -201.168          -189.992          -178.816          -167.64          -156.464          -145.288          -134.112          -122.936          -111.76          -100.584          -89.408          -78.232          -67.056          -55.88          -44.704          -33.528          -22.352          -11.176          0          11.176          22.352          33.528          44.704          55.88          67.056          78.232          89.408          100.584          111.76          122.936          134.112          145.288          156.464          167.64          178.816          189.992          201.168          
39          -140.341          -206.756          -195.58          -184.404          -173.228          -162.052          -150.876          -139.7          -128.524          -117.348          -106.172          -94.996          -83.82          -72.644          -61.468          -50.292          -39.116          -27.94          -16.764          -5.588          5.588          16.764          27.94          39.116          50.292          61.468          72.644          83.82          94.996          106.172          117.348          128.524          139.7          150.876          162.052          173.228          184.404          195.58          206.756          
40          -130.662          -212.344          -201.168          -189.992          -178.816          -167.64          -156.464          -145.288          -134.112          -122.936          -111.76          -100.584          -89.408          -78.232          -67.056          -55.88          -44.704          -33.528          -22.352          -11.176          0          11.176          22.352          33.528          44.704          55.88          67.056          78.232          89.408          100.584          111.76          122.936          134.112          145.288          156.464          167.64          178.816          189.992          201.168          212.344          
41          -120.984          -217.932          -206.756          -195.58          -184.404          -173.228          -162.052          -150.876          -139.7          -128.524          -117.348          -106.172          -94.996          -83.82          -72.644          -61.468          -50.292          -39.116          -27.94          -16.764          -5.588          5.588          16.764          27.94          39.116          50.292          61.468          72.644          83.82          94.996          106.172          117.348          128.524          139.7          150.876          162.052          173.228          184.404          195.58          206.756          217.932          
42          -111.305          -223.52          -212.344          -201.168          -189.992          -178.816          -167.64          -156.464          -145.288          -134.112          -122.936          -111.76          -100.584          -89.408          -78.232          -67.056          -55.88          -44.704          -33.528          -22.352          -11.176          0          11.176          22.352          33.528          44.704          55.88          67.056          78.232          89.408          100.584          111.76          122.936          134.112          145.288          156.464          167.64          178.816          189.992          201.168          212.344          223.52          
45          -101.626          -240.284          -229.108          -217.932          -206.756          -195.58          -184.404          -173.228          -162.052          -150.876          -139.7          -128.524          -117.348          -106.172          -94.996          -83.82          -72.644          -61.468          -50.292          -39.116          -27.94          -16.764          -5.588          5.588          16.764          27.94          39.116          50.292          61.468          72.644          83.82          94.996          106.172          117.348          128.524          139.7          150.876          162.052          173.228          184.404          195.58          206.756          217.932          229.108          240.284          
46          -91.948          -245.872          -234.696          -223.52          -212.344          -201.168          -189.992          -178.816          -167.64          -156.464          -145.288          -134.112          -122.936          -111.76          -100.584          -89.408          -78.232          -67.056          -55.88          -44.704          -33.528          -22.352          -11.176          0          11.176          22.352          33.528          44.704          55.88          67.056          78.232          89.408          100.584          111.76          122.936          134.112          145.288          156.464          167.64          178.816          189.992          201.168          212.344          223.52          234.696          245.872          
37          -82.269          -240.284          -229.108          -217.932          -206.756          -195.58          -184.404          -173.228          -162.052          -150.876          -139.7          -128.524          -117.348          -106.172          -94.996          -83.82          -72.644          -61.468          -50.292          50.292          61.468          72.644          83.82          94.996          106.172          117.348          128.524          139.7          150.876          162.052          173.228          184.404          195.58          206.756          217.932          229.108          240.284          
37          -72.59          -245.872          -234.696          -223.52          -212.344          -201.168          -189.992          -178.816          -167.64          -156.464          -145.288          -134.112          -122.936          -111.76          -100.584          -89.408          -78.232          -67.056          -55.88          55.88          67.056          78.232          89.408          100.584          111.76          122.936          134.112          145.288          156.464          167.64          178.816          189.992          201.168          212.344          223.52          234.696          245.872          
35          -62.912          -251.46          -240.284          -229.108          -217.932          -206.756          -195.58          -184.404          -173.228          -162.052          -150.876          -139.7          -128.524          -117.348          -106.172          -94.996          -83.82          -72.644          72.644          83.82          94.996          106.172          117.348          128.524          139.7          150.876          162.052          173.228          184.404          195.58          206.756          217.932          229.108          240.284          251.46          
35          -53.233          -257.048          -245.872          -234.696          -223.52          -212.344          -201.168          -189.992          -178.816          -167.64          -156.464          -145.288          -134.112          -122.936          -111.76          -100.584          -89.408          -78.232          78.232          89.408          100.584          111.76          122.936          134.112          145.288          156.464          167.64          178.816          189.992          201.168          212.344          223.52          234.696          245.872          257.048          
33          -43.554          -251.46          -240.284          -229.108          -217.932          -206.756          -195.58          -184.404          -173.228          -162.052          -150.876          -139.7          -128.524          -117.348          -106.172          -94.996          -83.82          83.82          94.996          106.172          117.348          128.524          139.7          150.876          162.052          173.228          184.404          195.58          206.756          217.932          229.108          240.284          251.46          
33          -33.875          -257.048          -245.872          -234.696          -223.52          -212.344          -201.168          -189.992          -178.816          -167.64          -156.464          -145.288          -134.112          -122.936          -111.76          -100.584          -89.408          89.408          100.584          111.76          122.936          134.112          145.288          156.464          167.64          178.816          189.992          201.168          212.344          223.52          234.696          245.872          257.048          
33          -24.197          -251.46          -240.284          -229.108          -217.932          -206.756          -195.58          -184.404          -173.228          -162.052          -150.876          -139.7          -128.524          -117.348          -106.172          -94.996          -83.82          83.82          94.996          106.172          117.348          128.524          139.7          150.876          162.052          173.228          184.404          195.58          206.756          217.932          229.108          240.284          251.46          
31          -14.518          -245.872          -234.696          -223.52          -212.344          -201.168          -189.992          -178.816          -167.64          -156.464          -145.288          -134.112          -122.936          -111.76          -100.584          -89.408          89.408          100.584          111.76          122.936          134.112          145.288          156.464          167.64          178.816          189.992          201.168          212.344          223.52          234.696          245.872          
31          -4.839          -251.46          -240.284          -229.108          -217.932          -206.756          -195.58          -184.404          -173.228          -162.052          -150.876          -139.7          -128.524          -117.348          -106.172          -94.996          94.996          106.172          117.348          128.524          139.7          150.876          162.052          173.228          184.404          195.58          206.756          217.932          229.108          240.284          251.46          
31          4.839          -257.048          -245.872          -234.696          -223.52          -212.344          -201.168          -189.992          -178.816          -167.64          -156.464          -145.288          -134.112          -122.936          -111.76          -100.584          100.584          111.76          122.936          134.112          145.288          156.464          167.64          178.816          189.992          201.168          212.344          223.52          234.696          245.872          257.048          
31          14.518          -251.46          -240.284          -229.108          -217.932          -206.756          -195.58          -184.404          -173.228          -162.052          -150.876          -139.7          -128.524          -117.348          -106.172          -94.996          94.996          106.172          117.348          128.524          139.7          150.876          162.052          173.228          184.404          195.58          206.756          217.932          229.108          240.284          251.46          
33          24.197          -257.048          -245.872          -234.696          -223.52          -212.344          -201.168          -189.992          -178.816          -167.64          -156.464          -145.288          -134.112          -122.936          -111.76          -100.584          -89.408          89.408          100.584          111.76          122.936          134.112          145.288          156.464          167.64          178.816          189.992          201.168          212.344          223.52          234.696          245.872          257.048          
31          33.875          -251.46          -240.284          -229.108          -217.932          -206.756          -195.58          -184.404          -173.228          -162.052          -150.876          -139.7          -128.524          -117.348          -106.172          -94.996          94.996          106.172          117.348          128.524          139.7          150.876          162.052          173.228          184.404          195.58          206.756          217.932          229.108          240.284          251.46          
33          43.554          -257.048          -245.872          -234.696          -223.52          -212.344          -201.168          -189.992          -178.816          -167.64          -156.464          -145.288          -134.112          -122.936          -111.76          -100.584          -89.408          89.408          100.584          111.76          122.936          134.112          145.288          156.464          167.64          178.816          189.992          201.168          212.344          223.52          234.696          245.872          257.048          
33          53.233          -251.46          -240.284          -229.108          -217.932          -206.756          -195.58          -184.404          -173.228          -162.052          -150.876          -139.7          -128.524          -117.348          -106.172          -94.996          -83.82          83.82          94.996          106.172          117.348          128.524          139.7          150.876          162.052          173.228          184.404          195.58          206.756          217.932          229.108          240.284          251.46          
35          62.912          -245.872          -234.696          -223.52          -212.344          -201.168          -189.992          -178.816          -167.64          -156.464          -145.288          -134.112          -122.936          -111.76          -100.584          -89.408          -78.232          -67.056          67.056          78.232          89.408          100.584          111.76          122.936          134.112          145.288          156.464          167.64          178.816          189.992          201.168          212.344          223.52          234.696          245.872          
37          72.59          -251.46          -240.284          -229.108          -217.932          -206.756          -195.58          -184.404          -173.228          -162.052          -150.876          -139.7          -128.524          -117.348          -106.172          -94.996          -83.82          -72.644          -61.468          61.468          72.644          83.82          94.996          106.172          117.348          128.524          139.7          150.876          162.052          173.228          184.404          195.58          206.756          217.932          229.108          240.284          251.46          
39          82.269          -245.872          -234.696          -223.52          -212.344          -201.168          -189.992          -178.816          -167.64          -156.464          -145.288          -134.112          -122.936          -111.76          -100.584          -89.408          -78.232          -67.056          -55.88          -44.704          44.704          55.88          67.056          78.232          89.408          100.584          111.76          122.936          134.112          145.288          156.464          167.64          178.816          189.992          201.168          212.344          223.52          234.696          245.872          
43          91.948          -240.284          -229.108          -217.932          -206.756          -195.58          -184.404          -173.228          -162.052          -150.876          -139.7          -128.524          -117.348          -106.172          -94.996          -83.82          -72.644          -61.468          -50.292          -39.116          -27.94          -16.764          16.764          27.94          39.116          50.292          61.468          72.644          83.82          94.996          106.172          117.348          128.524          139.7          150.876          162.052          173.228          184.404          195.58          206.756          217.932          229.108          240.284          
44          101.626          -234.696          -223.52          -212.344          -201.168          -189.992          -178.816          -167.64          -156.464          -145.288          -134.112          -122.936          -111.76          -100.584          -89.408          -78.232          -67.056          -55.88          -44.704          -33.528          -22.352          -11.176          0          11.176          22.352          33.528          44.704          55.88          67.056          78.232          89.408          100.584          111.76          122.936          134.112          145.288          156.464          167.64          178.816          189.992          201.168          212.344          223.52          234.696          
43          111.305          -229.108          -217.932          -206.756          -195.58          -184.404          -173.228          -162.052          -150.876          -139.7          -128.524          -117.348          -106.172          -94.996          -83.82          -72.644          -61.468          -50.292          -39.116          -27.94          -16.764          -5.588          5.588          16.764          27.94          39.116          50.292          61.468          72.644          83.82          94.996          106.172          117.348          128.524          139.7          150.876          162.052          173.228          184.404          195.58          206.756          217.932          229.108          
42          120.984          -223.52          -212.344          -201.168          -189.992          -178.816          -167.64          -156.464          -145.288          -134.112          -122.936          -111.76          -100.584          -89.408          -78.232          -67.056          -55.88          -44.704          -33.528          -22.352          -11.176          0          11.176          22.352          33.528          44.704          55.88          67.056          78.232          89.408          100.584          111.76          122.936          134.112          145.288          156.464          167.64          178.816          189.992          201.168          212.344          223.52          
41          130.662          -217.932          -206.756          -195.58          -184.404          -173.228          -162.052          -150.876          -139.7          -128.524          -117.348          -106.172          -94.996          -83.82          -72.644          -61.468          -50.292          -39.116          -27.94          -16.764          -5.588          5.588          16.764          27.94          39.116          50.292          61.468          72.644          83.82          94.996          106.172          117.348          128.524          139.7          150.876          162.052          173.228          184.404          195.58          206.756          217.932          
40          140.341          -212.344          -201.168          -189.992          -178.816          -167.64          -156.464          -145.288          -134.112          -122.936          -111.76          -100.584          -89.408          -78.232          -67.056          -55.88          -44.704          -33.528          -22.352          -11.176          0          11.176          22.352          33.528          44.704          55.88          67.056          78.232          89.408          100.584          111.76          122.936          134.112          145.288          156.464          167.64          178.816          189.992          201.168          212.344          
39          150.02          -206.756          -195.58          -184.404          -173.228          -162.052          -150.876          -139.7          -128.524          -117.348          -106.172          -94.996          -83.82          -72.644          -61.468          -50.292          -39.116          -27.94          -16.764          -5.588          5.588          16.764          27.94          39.116          50.292          61.468          72.644          83.82          94.996          106.172          117.348          128.524          139.7          150.876          162.052          173.228          184.404          195.58          206.756          
38          159.699          -201.168          -189.992          -178.816          -167.64          -156.464          -145.288          -134.112          -122.936          -111.76          -100.584          -89.408          -78.232          -67.056          -55.88          -44.704          -33.528          -22.352          -11.176          0          11.176          22.352          33.528          44.704          55.88          67.056          78.232          89.408          100.584          111.76          122.936          134.112          145.288          156.464          167.64          178.816          189.992          201.168          
37          169.377          -195.58          -184.404          -173.228          -162.052          -150.876          -139.7          -128.524          -117.348          -106.172          -94.996          -83.82          -72.644          -61.468          -50.292          -39.116          -27.94          -16.764          -5.588          5.588          16.764          27.94          39.116          50.292          61.468          72.644          83.82          94.996          106.172          117.348          128.524          139.7          150.876          162.052          173.228          184.404          195.58          
36          179.056          -189.992          -178.816          -167.64          -156.464          -145.288          -134.112          -122.936          -111.76          -100.584          -89.408          -78.232          -67.056          -55.88          -44.704          -33.528          -22.352          -11.176          0          11.176          22.352          33.528          44.704          55.88          67.056          78.232          89.408          100.584          111.76          122.936          134.112          145.288          156.464          167.64          178.816          189.992          
35          188.735          -184.404          -173.228          -162.052          -150.876          -139.7          -128.524          -117.348          -106.172          -94.996          -83.82          -72.644          -61.468          -50.292          -39.116          -27.94          -16.764          -5.588          5.588          16.764          27.94          39.116          50.292          61.468          72.644          83.82          94.996          106.172          117.348          128.524          139.7          150.876          162.052          173.228          184.404          
32          198.413          -167.64          -156.464          -145.288          -134.112          -122.936          -111.76          -100.584          -89.408          -78.232          -67.056          -55.88          -44.704          -33.528          -22.352          -11.176          0          11.176          22.352          33.528          44.704          55.88          67.056          78.232          89.408          100.584          111.76          122.936          134.112          145.288          156.464          167.64          
31          208.092          -162.052          -150.876          -139.7          -128.524          -117.348          -106.172          -94.996          -83.82          -72.644          -61.468          -50.292          -39.116          -27.94          -16.764          -5.588          5.588          16.764          27.94          39.116          50.292          61.468          72.644          83.82          94.996          106.172          117.348          128.524          139.7          150.876          162.052          
26          217.771          -134.112          -122.936          -111.76          -100.584          -89.408          -78.232          -67.056          -55.88          -44.704          -33.528          -22.352          -11.176          0          11.176          22.352          33.528          44.704          55.88          67.056          78.232          89.408          100.584          111.76          122.936          134.112          
23          227.449          -117.348          -106.172          -94.996          -83.82          -72.644          -61.468          -50.292          -39.116          -27.94          -16.764          -5.588          5.588          16.764          27.94          39.116          50.292          61.468          72.644          83.82          94.996          106.172          117.348          
20          237.128          -100.584          -89.408          -78.232          -67.056          -55.88          -44.704          -33.528          -22.352          -11.176          0          11.176          22.352          33.528          44.704          55.88          67.056          78.232          89.408          100.584          
17          246.807          -83.82          -72.644          -61.468          -50.292          -39.116          -27.94          -16.764          -5.588          5.588          16.764          27.94          39.116          50.292          61.468          72.644          83.82          
12          256.486          -55.88          -44.704          -33.528          -22.352          -11.176          0          11.176          22.352          33.528          44.704          55.8
